14293221  ,
17128531  ,
20008367  ,
20174614  ,
20406141  ,
20548677  ,
20721804  ,
21198129  ,
21227208  ,
21277032  ,
21754935  ,
21766360  ,
22571738  ,
22891351  ,
23202383  ,
23214557  ,
23372444  ,
23779331  ,
23951942  ,
25004681  ,
25004692  ,
25009285  ,
25009585  ,
25010634  ,
25011557  ,
25012093  ,
25014156  ,
25014595  ,
25016091  ,
25017870  ,
25018245  ,
25021317  ,
25021324  ,
25022816  ,
25024879  ,
25026578  ,
25026587  ,
25026909  ,
25026953  ,
25027655  ,
25028332  ,
25028686  ,
25028725  ,
25028760  ,
25028770  ,
25029182  ,
25029733  ,
25029984  ,
25030000  ,
25030015  ,
25030029  ,
25030040  ,
25030051  ,
25030061  ,
25030072  ,
25030088  ,
25030117  ,
25030161  ,
25030176  ,
25030655  ,
25034562  ,
25053689  ,
25059454  ,
25065143  ,
25077190  ,
25077200  ,
25077221  ,
25081814  ,
25092063  ,
25100297  ,
25100323  ,
25100361  ,
25100567  ,
25100636  ,
25110451  ,
25110579  ,
25110756  ,
25113580  ,
25116160  ,
25119482  ,
25120430  ,
25144898  ,
25153908  ,
25154727  ,
25156201  ,
25156219  ,
25156225  ,
25156232  ,
25156253  ,
25156263  ,
25156273  ,
25156288  ,
25156301  ,
25156315  ,
25156323  ,
25156330  ,
25156354  ,
25156366  ,
25156374  ,
25156384  ,
25156397  ,
25709829  ,
25754199  ,
25754220  ,
25757196  ,
25773208  ,
25806793  ,
25809820  ,
25809824  ,
25809832  ,
25809839  ,
25825865  ,
25826213  ,
25826236  ,
25828051  ,
25828055  ,
25828059  ,
25828063  ,
25828067  ,
25828074  ,
25828081  ,
25828085  ,
25835539  ,
25835554  ,
25836809  ,
25836814  ,
25837732  ,
25837742  ,
25837871  ,
25837883  ,
25837893  ,
25838000  ,
25840031  ,
25843815  ,
25844620  ,
25847709  ,
25847713  ,
25906054  ,
25937983  ,
25939915  ,
25946045  ,
25947020  ,
25947140  ,
26502494  ,
27031125  ,
27031349  ,
27031585  ,
27032018  ,
27032462  ,
27033190  ,
27033346  ,
27033613  ,
27033761  ,
27033774  ,
27034374  ,
27034399  ,
27034725  ,
27034738  ,
27034796  ,
27035305  ,
27035313  ,
27035498  ,
27035515  ,
27035551  ,
27035570  ,
27035590  ,
27035608  ,
27035625  ,
27035642  ,
27035652  ,
27035839  ,
27036197  ,
27036457  ,
27036537  ,
27036569  ,
27036682  ,
27036979  ,
27037006  ,
27037031  ,
27037064  ,
27037516  ,
27037570  ,
27037661  ,
27039686  ,
27039708  ,
27039728  ,
27040627  ,
27580246  ,
27780664  ,
27960624  ,
27960636  ,
27960647  ,
28261294  ,
28628979  ,
28629075  ,
28708628  ,
28708636  ,
28708647  ,
28708656  ,
28710922  ,
28762693  ,
28762697  ,
28851400  ,
28851415  ,
28851425  ,
28866186  ,
28866412  ,
28866889  ,
28871859  ,
28871876  ,
28932159  ,
28932186  ,
28932203  ,
28932208  ,
29008621  ,
29037547  ,
29050975  ,
29051001  ,
29083425  ,
29216259  ,
29216263  ,
29390937  ,
29390947  ,
29390956  ,
29390964  ,
29390972  ,
29485031  ,
80271615  ,
80271631  ,
80276219  ,
80276310  ,
80447771  ,
80753976  ,
80756289  ,
80756296  ,
80761634  ,
80761720  ,
80762388  ,
80829377  ,
80831420  ,
80831435  ,
80927733  ,
80927785  ,
80930585  ,
80930590  ,
80930621  ,
80930624  ,
80930627  ,
80930632  ,
80945826  ,
80945849  ,
80945852  ,
80945855  ,
80945856  ,
80945857  ,
80945859  ,
80945860  ,
80945862  ,
80945864  ,
80945871  ,
80945874  ,
80945876  ,
80945877  ,
80945879  ,
80945883  ,
80945894  ,
80945901  ,
80945902  ,
80945906  ,
80945909  ,
80945910  ,
80945913  ,
80945917  ,
80945923  ,
80945925  ,
80945933  ,
80945935  ,
80945937  ,
80945940  ,
80945942  ,
80945945  ,
80945949  ,
80945951  ,
80945952  ,
80945955  ,
80945957  ,
80945959  ,
80945964  ,
80945971  ,
80945980  ,
80945986  ,
80945990  ,
80946000  ,
80946004  ,
80946008  ,
80946013  ,
80946032  ,
80946060  ,
80946065  ,
80946071  ,
80946077  ,
80946082  ,
80946086  ,
80946095  ,
80946109  ,
80946120  ,
80946135  ,
80946181  ,
80946233  ,
80946237  ,
80946242  ,
80946249  ,
80946264  ,
80946273  ,
80946295  ,
80946305  ,
80946311  ,
80946323  ,
80946342  ,
80946346  ,
80946355  ,
80946360  ,
80946369  ,
80946374  ,
80946383  ,
80946388  ,
80946402  ,
80946426  ,
80946433  ,
80946442  ,
80946444  ,
80946453  ,
80946458  ,
80946496  ,
80946548  ,
80946554  ,
80946562  ,
80946566  ,
80946572  ,
80946578  ,
80946584  ,
80946586  ,
80946592  ,
80946595  ,
80946600  ,
80946604  ,
80946607  ,
80946612  ,
80946616  ,
80946623  ,
80946633  ,
80946641  ,
80946650  ,
80946657  ,
80946662  ,
80946669  ,
80946676  ,
80946684  ,
80946691  ,
80946697  ,
80946707  ,
80946712  ,
80946718  ,
80946726  ,
80946746  ,
80946786  ,
80946793  ,
80946802  ,
80946812  ,
80946824  ,
80946829  ,
80946833  ,
80946839  ,
80946844  ,
80946851  ,
80946861  ,
80946868  ,
80946881  ,
80946915  ,
80946966  ,
80946972  ,
80946981  ,
80946989  ,
80947001  ,
80947018  ,
80947026  ,
80947054  ,
80947140  ,
80947186  ,
80947189  ,
80947194  ,
80947203  ,
80947215  ,
80947241  ,
80947259  ,
80947313  ,
80947398  ,
80947407  ,
80947417  ,
80947425  ,
80947432  ,
80947439  ,
80947452  ,
80947456  ,
80947489  ,
80947523  ,
80947534  ,
80947550  ,
80947557  ,
80947563  ,
80947573  ,
80947580  ,
80947587  ,
80947621  ,
80947667  ,
80947670  ,
80947676  ,
80947681  ,
80947689  ,
80947700  ,
80947751  ,
80947824  ,
80947833  ,
80947917  ,
80948023  ,
80948030  ,
80948035  ,
80948038  ,
80948041  ,
80948048  ,
80948054  ,
80948057  ,
80948065  ,
80948078  ,
80948088  ,
80948095  ,
80948101  ,
80948108  ,
80948112  ,
80948120  ,
80948125  ,
80948129  ,
80948133  ,
80948143  ,
80948158  ,
80948164  ,
80948175  ,
80948188  ,
80948250  ,
80948329  ,
80948337  ,
80948341  ,
80948349  ,
80948354  ,
80948371  ,
80948378  ,
80948386  ,
80948416  ,
80948425  ,
80948431  ,
80948437  ,
80948442  ,
80948447  ,
80948529  ,
80948624  ,
80948630  ,
80948632  ,
80948643  ,
80948650  ,
80948657  ,
80948663  ,
80948675  ,
80948692  ,
80948699  ,
80948712  ,
80948721  ,
80948728  ,
80948746  ,
80948756  ,
80948778  ,
80948788  ,
80948814  ,
80948841  ,
80948873  ,
80948882  ,
80948889  ,
80948918  ,
80948938  ,
80948947  ,
80948962  ,
80948973  ,
80948976  ,
80948984  ,
80948993  ,
80949000  ,
80949006  ,
80949017  ,
80949021  ,
80949034  ,
80949048  ,
80949061  ,
80949066  ,
80949069  ,
80949098  ,
80949119  ,
80949124  ,
80949126  ,
80949131  ,
80949139  ,
80949142  ,
80949145  ,
80949149  ,
80949153  ,
80949167  ,
80949181  ,
80949185  ,
80949188  ,
80949191  ,
80949193  ,
80949201  ,
80949210  ,
80949214  ,
80949218  ,
80949253  ,
80949289  ,
80949296  ,
80949299  ,
80949303  ,
80949308  ,
80949313  ,
80949317  ,
80949321  ,
80949325  ,
80949337  ,
80949345  ,
80949354  ,
80949361  ,
80949366  ,
80949374  ,
80949376  ,
81347481  ,
81347499  ,
81349844  ,
81349849  ,
81350727  ,
81350822  ,
81363406  ,
81363415  ,
81491461  ,
81557023  ,
81670722  ,
81676729  ,
81741096  ,
81873724  ,
82188304  ,
82478301  ,
82478305  ,
82478308  ,
82546245  ,
82546261  ,
82705813  ,
82705820  ,
82743113  ,
82780662  ,
82806452  ,
82907606  ,
82907615  ,
82907623  ,
82907631  ,
82907638  ,
82907646  ,
82907654  ,
82907663  ,
82907671  ,
82907679  ,
82907692  ,
82907698  ,
82907706  ,
82907712  ,
82907722  ,
82907733  ,
82907740  ,
82907747  ,
82907754  ,
82907763  ,
82907772  ,
82907782  ,
82907790  ,
82907800  ,
82907811  ,
82907819  ,
82907829  ,
82907835  ,
82907841  ,
82907848  ,
82907857  ,
82907864  ,
82907873  ,
82979092  ,
82979106  ,
83006992  ,
83046590  ,
83046599  ,
83746096  ,
83869132  ,
83916883  ,
83930590  ,
83931676  ,
83936069  ,
83936440  ,
83938086  ,
83981638  ,
84569353  ,
84633421  ,
84685518  ,
84692095  ,
84733061  ,
84736304  ,
84805112  ,
84828011  ,
84835344  ,
84839927  ,
84846855  ,
84861490  ,
84862261  ,
84862460  ,
84881698  ,
84882318  ,
84891788  ,
84893088  ,
84894254  ,
84894265  ,
84894273  ,
84894277  ,
84894288  ,
84897165  ,
84907268  ,
84939817  ,
84939833  ,
84939848  ,
84939857  ,
84945815  ,
84945840  ,
84945871  ,
84946137  ,
84946464  ,
84957840  ,
84974096  ,
85033522  ,
85033535  ,
85033562  ,
85055583  ,
85055597  ,
85124966  ,
85136415  ,
85139802  ,
85147327  ,
85254867  ,
85327314  ,
85787283  ,
85819963